   6.2831853e+02   0.0000000e+00
   3.1415927e+02   0.0000000e+00
   2.0943951e+02   0.0000000e+00
   1.5707963e+02   0.0000000e+00
   1.2566371e+02   0.0000000e+00
   1.0471976e+02   0.0000000e+00
   8.9759790e+01   0.0000000e+00
   7.8539816e+01   0.0000000e+00
   6.9813170e+01   0.0000000e+00
   6.2831853e+01   0.0000000e+00
   5.7119866e+01   0.0000000e+00
   5.2359878e+01   0.0000000e+00
   4.8332195e+01   0.0000000e+00
   4.4879895e+01   0.0000000e+00
   4.1887902e+01   0.0000000e+00
   3.9269908e+01   0.0000000e+00
   3.6959914e+01   0.0000000e+00
   3.4906585e+01   0.0000000e+00
   3.3069396e+01   0.0000000e+00
   3.1415927e+01   0.0000000e+00
   2.9919930e+01   0.0000000e+00
   2.8559933e+01   0.0000000e+00
   2.7318197e+01   0.0000000e+00
   2.6179939e+01   0.0000000e+00
   2.5132741e+01   0.0000000e+00
   2.4166097e+01   0.0000000e+00
   2.3271057e+01   0.0000000e+00
   2.2439948e+01   0.0000000e+00
   2.1666156e+01   0.0000000e+00
   2.0943951e+01   0.0000000e+00
   2.0268340e+01   0.0000000e+00
   1.9634954e+01   0.0000000e+00
   1.9039955e+01   0.0000000e+00
   1.8479957e+01   0.0000000e+00
   1.7951958e+01  6.6143401e-316
   1.7453293e+01  3.7873674e-282
   1.6981582e+01  8.9234433e-253
   1.6534698e+01  4.0050148e-227
   1.6110732e+01  1.2167448e-204
   1.5707963e+01  7.1811754e-185
   1.5324842e+01  1.9867275e-167
   1.4959965e+01  5.3960906e-152
   1.4612059e+01  2.6829769e-138
   1.4279967e+01  4.1376895e-126
   1.3962634e+01  3.0978778e-115
   1.3659098e+01  1.6498676e-105
   1.3368479e+01   8.6675649e-97
   1.3089969e+01   5.9474183e-89
   1.2822827e+01   6.7885108e-82
   1.2566371e+01   1.5885425e-75
   1.2319971e+01   9.1341879e-70
   1.2083049e+01   1.5106653e-64
   1.1855067e+01   8.2431915e-60
   1.1635528e+01   1.6731642e-55
   1.1423973e+01   1.4032466e-51
   1.1219974e+01   5.3329046e-48
   1.1023132e+01   9.9612821e-45
   1.0833078e+01   9.8248254e-42
   1.0649467e+01   5.4516400e-39
   1.0471976e+01   1.8002096e-36
   1.0300304e+01   3.7186098e-34
   1.0134170e+01   5.0231860e-32
   9.9733100e+00   4.6164273e-30
   9.8174770e+00   2.9902729e-28
   9.6664389e+00   1.4090542e-26
   9.5199777e+00   4.9689654e-25
   9.3778885e+00   1.3451687e-23
   9.2399784e+00   2.8602085e-22
   9.1060657e+00   4.8761758e-21
   8.9759790e+00   6.7904034e-20
   8.8495568e+00   7.8548929e-19
   8.7266463e+00   7.6632366e-18
   8.6071032e+00   6.3927814e-17
   8.4907910e+00   4.6173927e-16
   8.3775804e+00   2.9205194e-15
   8.2673491e+00   1.6344110e-14
   8.1599809e+00   8.1692443e-14
   8.0553658e+00   3.6782711e-13
   7.9533991e+00   1.5036426e-12
   7.8539816e+00   5.6206964e-12
   7.7570189e+00   1.9338465e-11
   7.6624211e+00   6.1608897e-11
   7.5701028e+00   1.8274337e-10
   7.4799825e+00   5.0723361e-10
   7.3919827e+00   1.3235990e-09
   7.3060294e+00   3.2609136e-09
   7.2220521e+00   7.6148646e-09
   7.1399833e+00   1.6915976e-08
   7.0597588e+00   3.5866915e-08
   6.9813170e+00   7.2810158e-08
   6.9045992e+00   1.4191499e-07
   6.8295492e+00   2.6628540e-07
   6.7561132e+00   4.8217948e-07
   6.6842397e+00   8.4448896e-07
   6.6138793e+00   1.4335515e-06
   6.5449847e+00   2.3632591e-06
   6.4775106e+00   3.7902908e-06
   6.4114136e+00   5.9241480e-06
   6.3466518e+00   9.0375259e-06
   6.2831853e+00   1.3476423e-05
   6.2209756e+00   1.9669308e-05
   6.1599856e+00   2.8134603e-05
   6.1001799e+00   3.9485796e-05
   6.0415243e+00   5.4433525e-05
   5.9839860e+00   7.3784138e-05
   5.9275333e+00   9.8434409e-05
   5.8721358e+00   1.2936228e-04
   5.8177642e+00   1.6761371e-04
   5.7643902e+00   2.1428596e-04
   5.7119866e+00   2.7050786e-04
   5.6605273e+00   3.3741751e-04
   5.6099869e+00   4.1613858e-04
   5.5603410e+00   5.0775557e-04
   5.5115661e+00   6.1328936e-04
   5.4636394e+00   7.3367355e-04
   5.4165391e+00   8.6973250e-04
   5.3702439e+00   1.0221618e-03
   5.3247333e+00   1.1915116e-03
   5.2799877e+00   1.3781731e-03
   5.2359878e+00   1.5823692e-03
   5.1927151e+00   1.8041480e-03
   5.1501519e+00   2.0433808e-03
   5.1082807e+00   2.2997630e-03
   5.0670849e+00   2.5728192e-03
   5.0265482e+00   2.8619104e-03
   4.9866550e+00   3.1662443e-03
   4.9473900e+00   3.4848880e-03
   4.9087385e+00   3.8167825e-03
   4.8706863e+00   4.1607580e-03
   4.8332195e+00   4.5155509e-03
   4.7963247e+00   4.8798205e-03
   4.7599889e+00   5.2521672e-03
   4.7241995e+00   5.6311484e-03
   4.6889443e+00   6.0152963e-03
   4.6542113e+00   6.4031328e-03
   4.6199892e+00   6.7931850e-03
   4.5862666e+00   7.1839987e-03
   4.5530328e+00   7.5741511e-03
   4.5202772e+00   7.9622616e-03
   4.4879895e+00   8.3470022e-03
   4.4561598e+00   8.7271055e-03
   4.4247784e+00   9.1013721e-03
   4.3938359e+00   9.4686761e-03
   4.3633231e+00   9.8279696e-03
   4.3332312e+00   1.0178286e-02
   4.3035516e+00   1.0518743e-02
   4.2742757e+00   1.0848541e-02
   4.2453955e+00   1.1166967e-02
   4.2169029e+00   1.1473392e-02
   4.1887902e+00   1.1767269e-02
   4.1610499e+00   1.2048134e-02
   4.1336745e+00   1.2315597e-02
   4.1066571e+00   1.2569348e-02
   4.0799905e+00   1.2809147e-02
   4.0536679e+00   1.3034821e-02
   4.0276829e+00   1.3246264e-02
   4.0020289e+00   1.3443428e-02
   3.9766996e+00   1.3626323e-02
   3.9516889e+00   1.3795009e-02
   3.9269908e+00   1.3949598e-02
   3.9025996e+00   1.4090241e-02
   3.8785094e+00   1.4217131e-02
   3.8547149e+00   1.4330497e-02
   3.8312106e+00   1.4430600e-02
   3.8079911e+00   1.4517729e-02
   3.7850514e+00   1.4592196e-02
   3.7623864e+00   1.4654338e-02
   3.7399913e+00   1.4704507e-02
   3.7178611e+00   1.4743072e-02
   3.6959914e+00   1.4770414e-02
   3.6743774e+00   1.4786925e-02
   3.6530147e+00   1.4793003e-02
   3.6318990e+00   1.4789051e-02
   3.6110260e+00   1.4775477e-02
   3.5903916e+00   1.4752689e-02
   3.5699917e+00   1.4721096e-02
   3.5498222e+00   1.4681104e-02
   3.5298794e+00   1.4633117e-02
   3.5101594e+00   1.4577532e-02
   3.4906585e+00   1.4514743e-02
   3.4713731e+00   1.4445137e-02
   3.4522996e+00   1.4369093e-02
   3.4334346e+00   1.4286982e-02
   3.4147746e+00   1.4199168e-02
   3.3963164e+00   1.4106002e-02
   3.3780566e+00   1.4007829e-02
   3.3599921e+00   1.3904983e-02
   3.3421198e+00   1.3797787e-02
   3.3244367e+00   1.3686553e-02
   3.3069396e+00   1.3571584e-02
   3.2896258e+00   1.3453172e-02
   3.2724923e+00   1.3331597e-02
   3.2555364e+00   1.3207129e-02
   3.2387553e+00   1.3080027e-02
   3.2221463e+00   1.2950541e-02
   3.2057068e+00   1.2818907e-02
   3.1894342e+00   1.2685355e-02
   3.1733259e+00   1.2550101e-02
   3.1573796e+00   1.2413354e-02
   3.1415927e+00   1.2275312e-02
   3.1259628e+00   1.2136162e-02
   3.1104878e+00   1.1996084e-02
   3.0951652e+00   1.1855248e-02
   3.0799928e+00   1.1713815e-02
   3.0649684e+00   1.1571938e-02
   3.0500900e+00   1.1429762e-02
   3.0353552e+00   1.1287423e-02
   3.0207622e+00   1.1145049e-02
   3.0063088e+00   1.1002763e-02
   2.9919930e+00   1.0860679e-02
   2.9778129e+00   1.0718903e-02
   2.9637667e+00   1.0577537e-02
   2.9498523e+00   1.0436675e-02
   2.9360679e+00   1.0296405e-02
   2.9224118e+00   1.0156811e-02
   2.9088821e+00   1.0017967e-02
   2.8954771e+00   9.8799470e-03
   2.8821951e+00   9.7428163e-03
   2.8690344e+00   9.6066366e-03
   2.8559933e+00   9.4714647e-03
   2.8430703e+00   9.3373532e-03
   2.8302637e+00   9.2043501e-03
   2.8175719e+00   9.0724997e-03
   2.8049934e+00   8.9418423e-03
   2.7925268e+00   8.8124148e-03
   2.7801705e+00   8.6842503e-03
   2.7679230e+00   8.5573789e-03
   2.7557830e+00   8.4318275e-03
   2.7437490e+00   8.3076202e-03
   2.7318197e+00   8.1847783e-03
   2.7199936e+00   8.0633202e-03
   2.7082695e+00   7.9432622e-03
   2.6966461e+00   7.8246181e-03
   2.6851219e+00   7.7073994e-03
   2.6736959e+00   7.5916158e-03
   2.6623667e+00   7.4772749e-03
   2.6511330e+00   7.3643824e-03
   2.6399938e+00   7.2529423e-03
   2.6289478e+00   7.1429570e-03
   2.6179939e+00   7.0344276e-03
   2.6071308e+00   6.9273534e-03
   2.5963576e+00   6.8217328e-03
   2.5856730e+00   6.7175625e-03
   2.5750759e+00   6.6148384e-03
   2.5645654e+00   6.5135553e-03
   2.5541404e+00   6.4137067e-03
   2.5437997e+00   6.3152856e-03
   2.5335425e+00   6.2182839e-03
   2.5233676e+00   6.1226927e-03
   2.5132741e+00   6.0285023e-03
   2.5032611e+00   5.9357026e-03
   2.4933275e+00   5.8442826e-03
   2.4834725e+00   5.7542310e-03
   2.4736950e+00   5.6655356e-03
   2.4639942e+00   5.5781842e-03
   2.4543693e+00   5.4921637e-03
   2.4448192e+00   5.4074609e-03
   2.4353431e+00   5.3240623e-03
   2.4259403e+00   5.2419538e-03
   2.4166097e+00   5.1611214e-03
   2.4073507e+00   5.0815505e-03
   2.3981623e+00   5.0032264e-03
   2.3890438e+00   4.9261344e-03
   2.3799944e+00   4.8502595e-03
   2.3710133e+00   4.7755864e-03
   2.3620997e+00   4.7021000e-03
   2.3532529e+00   4.6297849e-03
   2.3444721e+00   4.5586257e-03
   2.3357566e+00   4.4886071e-03
   2.3271057e+00   4.4197134e-03
   2.3185186e+00   4.3519293e-03
   2.3099946e+00   4.2852392e-03
   2.3015331e+00   4.2196278e-03
   2.2931333e+00   4.1550796e-03
   2.2847947e+00   4.0915792e-03
   2.2765164e+00   4.0291114e-03
   2.2682979e+00   3.9676608e-03
   2.2601386e+00   3.9072124e-03
   2.2520377e+00   3.8477510e-03
   2.2439948e+00   3.7892618e-03
   2.2360090e+00   3.7317297e-03
   2.2280799e+00   3.6751402e-03
   2.2202068e+00   3.6194786e-03
   2.2123892e+00   3.5647303e-03
   2.2046264e+00   3.5108811e-03
   2.1969179e+00   3.4579166e-03
   2.1892632e+00   3.4058229e-03
   2.1816616e+00   3.3545859e-03
   2.1741126e+00   3.3041920e-03
   2.1666156e+00   3.2546274e-03
   2.1591702e+00   3.2058786e-03
   2.1517758e+00   3.1579325e-03
   2.1444318e+00   3.1107758e-03
   2.1371379e+00   3.0643955e-03
   2.1298933e+00   3.0187788e-03
   2.1226977e+00   2.9739131e-03
   2.1155506e+00   2.9297859e-03
   2.1084514e+00   2.8863848e-03
   2.1013998e+00   2.8436976e-03
   2.0943951e+00   2.8017125e-03
   2.0874370e+00   2.7604176e-03
   2.0805249e+00   2.7198012e-03
   2.0736585e+00   2.6798519e-03
   2.0668373e+00   2.6405583e-03
   2.0600608e+00   2.6019094e-03
   2.0533285e+00   2.5638941e-03
   2.0466402e+00   2.5265016e-03
   2.0399952e+00   2.4897214e-03
   2.0333933e+00   2.4535429e-03
   2.0268340e+00   2.4179557e-03
   2.0203168e+00   2.3829499e-03
   2.0138414e+00   2.3485153e-03
   2.0074074e+00   2.3146422e-03
   2.0010144e+00   2.2813209e-03
   1.9946620e+00   2.2485418e-03
   1.9883498e+00   2.2162956e-03
   1.9820774e+00   2.1845732e-03
   1.9758444e+00   2.1533654e-03
   1.9696506e+00   2.1226633e-03
   1.9634954e+00   2.0924583e-03
   1.9573786e+00   2.0627416e-03
   1.9512998e+00   2.0335049e-03
   1.9452586e+00   2.0047398e-03
   1.9392547e+00   1.9764382e-03
   1.9332878e+00   1.9485919e-03
   1.9273575e+00   1.9211932e-03
   1.9214634e+00   1.8942343e-03
   1.9156053e+00   1.8677075e-03
   1.9097828e+00   1.8416053e-03
   1.9039955e+00   1.8159203e-03
   1.8982433e+00   1.7906455e-03
   1.8925257e+00   1.7657735e-03
   1.8868424e+00   1.7412975e-03
   1.8811932e+00   1.7172105e-03
   1.8755777e+00   1.6935059e-03
   1.8699956e+00   1.6701770e-03
   1.8644467e+00   1.6472174e-03
   1.8589306e+00   1.6246205e-03
   1.8534470e+00   1.6023802e-03
   1.8479957e+00   1.5804903e-03
   1.8425763e+00   1.5589447e-03
   1.8371887e+00   1.5377375e-03
   1.8318325e+00   1.5168629e-03
   1.8265074e+00   1.4963150e-03
   1.8212131e+00   1.4760884e-03
   1.8159495e+00   1.4561774e-03
   1.8107162e+00   1.4365766e-03
   1.8055130e+00   1.4172807e-03
   1.8003396e+00   1.3982844e-03
   1.7951958e+00   1.3795826e-03
   1.7900813e+00   1.3611703e-03
   1.7849958e+00   1.3430425e-03
   1.7799392e+00   1.3251943e-03
   1.7749111e+00   1.3076209e-03
   1.7699114e+00   1.2903177e-03
   1.7649397e+00   1.2732800e-03
   1.7599959e+00   1.2565033e-03
   1.7550797e+00   1.2399831e-03
   1.7501909e+00   1.2237152e-03
   1.7453293e+00   1.2076952e-03
   1.7404945e+00   1.1919188e-03
   1.7356865e+00   1.1763821e-03
   1.7309050e+00   1.1610808e-03
   1.7261498e+00   1.1460111e-03
   1.7214206e+00   1.1311690e-03
   1.7167173e+00   1.1165506e-03
   1.7120396e+00   1.1021523e-03
   1.7073873e+00   1.0879702e-03
   1.7027602e+00   1.0740008e-03
   1.6981582e+00   1.0602405e-03
   1.6935809e+00   1.0466858e-03
   1.6890283e+00   1.0333332e-03
   1.6845001e+00   1.0201793e-03
   1.6799961e+00   1.0072209e-03
   1.6755161e+00   9.9445470e-04
   1.6710599e+00   9.8187745e-04
   1.6666274e+00   9.6948603e-04
   1.6622183e+00   9.5727736e-04
   1.6578325e+00   9.4524840e-04
   1.6534698e+00   9.3339618e-04
   1.6491300e+00   9.2171777e-04
   1.6448129e+00   9.1021031e-04
   1.6405184e+00   8.9887097e-04
   1.6362462e+00   8.8769698e-04
   1.6319962e+00   8.7668563e-04
   1.6277682e+00   8.6583424e-04
   1.6235621e+00   8.5514019e-04
   1.6193777e+00   8.4460091e-04
   1.6152147e+00   8.3421387e-04
   1.6110732e+00   8.2397658e-04
   1.6069528e+00   8.1388660e-04
   1.6028534e+00   8.0394154e-04
   1.5987749e+00   7.9413904e-04
   1.5947171e+00   7.8447678e-04
   1.5906798e+00   7.7495251e-04
   1.5866630e+00   7.6556398e-04
   1.5826663e+00   7.5630900e-04
   1.5786898e+00   7.4718543e-04
   1.5747332e+00   7.3819114e-04
   1.5707963e+00   7.2932407e-04
